image_width: 640
image_height: 480
camera_name: camera
camera_matrix:
  rows: 3
  cols: 3
  data: [544.175334, 0.000000, 314.901200, 0.000000, 545.407755, 284.106217, 0.000000, 0.000000, 1.000000]
distortion_model: plumb_bob
distortion_coefficients:
  rows: 1
  cols: 5
  data: [-0.054931, -0.015459, 0.007756, -0.002544, 0.000000]
rectification_matrix:
  rows: 3
  cols: 3
  data: [1.000000, 0.000000, 0.000000, 0.000000, 1.000000, 0.000000, 0.000000, 0.000000, 1.000000]
projection_matrix:
  rows: 3
  cols: 4
  data: [531.803162, 0.000000, 312.543956, 0.000000, 0.000000, 534.813477, 287.105007, 0.000000, 0.000000, 0.000000, 1.000000, 0.000000]
